function [c,ceq] = mycon_0307(x)

c = [
    -x(1);
    -x(2);
    -x(3);
    -x(4);
    -x(5);
    -x(6);

    -x(7);
    -x(8);
    -x(10);
    -x(11);
    -x(13);
    -x(14);

    (0.00001)*(1600*x(7)+40*x(8)+x(9))-1;
    (0.00001)*(1600*x(10)+40*x(11)+x(12))-1;
    (0.00001)*(1600*x(13)+40*x(14)+x(15))-1;
     ];
ceq = [];
end