mu1 = 0.002*30;
mu2 = 0.95/12;
mu3 = 0.3/12;
mu4 = 0.4/12;
mu5=mu4;
rho = 3000;
a = 1/2;
K = 370000000; 
